Vectores:
[0, 1, 2, 3, 4, 5, 6, 7, 8, 9]
[0, 2, 4, 6, 8, 10, 12, 14, 16, 18]
[10, 11, 12, 13, 14, 15, 16, 17, 18, 19]
Distancia Euclidiana
16.881943016134134
31.622776601683793
19.621416870348583
Distancia Manhattan
45
100
55
Distancia Minkowski
16.881943016134134
31.622776601683793
19.621416870348583
Vectores:
[1, 0, 1, 0, 1, 0, 1, 0, 1, 0]
[1, 1, 1, 1, 1, 1, 1, 1, 1, 1]
[1, 1, 1, 1, 1, 1, 1, 1, 1, 1]
[1, 0, 0, 0, 0, 1, 0, 0, 0, 0]
[1, 0, 0, 1, 0, 0, 1, 0, 0, 1]
Binaria simétrica
0.5
0.5
0.5
0.5
0.0
0.8
0.6
0.8
0.4
Binaria asimétrica
0.5
0.5
0.8333333333333334
0.7142857142857143
0.0
0.8
0.6
0.8
0.8
Vectores:
['panda', 'rojo', 'lentes']
['panda', 'rojo', 'sin lentes']
['panda', 'azul', 'lentes']
['león', 'azul', 'lentes']
['perro', 'azul', 'lentes']
['lobo', 'gris', 'lentes']
['lobo', 'gris', 'sin lentes']
0.3333333333333333
0.3333333333333333
0.6666666666666666
0.6666666666666666
0.6666666666666666
1.0
0.6666666666666666
1.0
1.0
1.0
0.6666666666666666
0.3333333333333333
0.3333333333333333
0.6666666666666666
1.0
0.6666666666666666
1.0
0.3333333333333333
Vectores:
[0, 1, 2, 3, 4]
[10, 11, 12, 13, 14]
[5, 6, 7, 8, 9]
1.32432115840994
1.0300275676521753
0.29429359075776446
